10 277.258872 799.350511 408.331322 1.000000
11 381.613362 885.226563 513.838714 1.000000
12 504.269993 971.618479 633.114233 1.000000
13 645.925737 1058.483165 766.491600 1.000000
14 807.221623 1145.784180 914.278810 1.000000
15 988.751060 1233.490301 1076.761823 1.000000
16 1191.066429 1321.574480 1254.207501 1.000000
17 1414.684399 1410.013057 1446.866008 1.000000
18 1660.090264 1498.785160 1654.972775 1.000000
19 1927.741540 1587.872239 1878.750137 1.000000
20 2218.070978 1677.257703 2118.408719 1.000000
21 2531.489103 1766.926617 2374.148604 1.000000
22 2868.386391 1856.865475 2646.160340 1.000000
23 3229.135138 1947.061998 2934.625808 1.000000
24 3614.091075 2037.504975 3239.718975 1.000000
25 4023.594781 2128.184131 3561.606558 1.000000
26 4457.972924 2219.090015 3900.448598 1.000000
27 4917.539349 2310.213901 4256.398979 1.000000
28 5402.596051 2401.547712 4629.605884 1.000000
29 5913.434035 2493.083947 5020.212201 1.000000
30 6450.334089 2584.815622 5428.355886 1.000000
31 7013.567479 2676.736222 5854.170300 1.000000
32 7603.396569 2768.839649 6297.784495 1.000000
33 8220.075391 2861.120188 6759.323493 1.000000
34 8863.850159 2953.572471 7238.908525 1.000000
35 9534.959730 3046.191444 7736.657253 1.000000
36 10233.636039 3138.972344 8252.683981 1.000000
37 10960.104481 3231.910672 8787.099832 1.000000
38 11714.584276 3325.002172 9340.012928 1.000000
39 12497.288796 3418.242811 9911.528545 1.000000
40 13308.425867 3511.628766 10501.749257 1.000000
41 14148.198053 3605.156402 11110.775076 1.000000
42 15016.802916 3698.822263 11738.703572 1.000000
43 15914.433255 3792.623058 12385.629992 1.000000
44 16841.277331 3886.555648 13051.647368 1.000000
45 17797.519076 3980.617036 13736.846616 1.000000
46 18783.338289 4074.804361 14441.316633 1.000000
47 19798.910814 4169.114883 15165.144382 1.000000
48 20844.408716 4263.545983 15908.414976 1.000000
49 21920.000432 4358.095146 16671.211754 1.000000
50 23025.850930 4452.759964 17453.616355 1.000000
51 24162.121842 4547.538122 18255.708785 1.000000
52 25328.971599 4642.427399 19077.567478 1.000000
53 26526.555557 4737.425657 19919.269364 1.000000
54 27755.026108 4832.530839 20780.889918 1.000000
55 29014.532801 4927.740966 21662.503219 1.000000
56 30305.222435 5023.054129 22564.181997 1.000000
57 31627.239167 5118.468487 23485.997686 1.000000
58 32980.724600 5213.982266 24428.020465 1.000000
59 34365.817876 5309.593751 25390.319302 1.000000
60 35782.655757 5405.301286 26372.961996 1.000000
61 37231.372706 5501.103269 27376.015219 1.000000
62 38712.100963 5596.998153 28399.544547 1.000000
63 40224.970618 5692.984439 29443.614498 1.000000
64 41770.109680 5789.060675 30508.288567 1.000000
65 43347.644141 5885.225457 31593.629257 1.000000
66 44957.698039 5981.477422 32699.698109 1.000000
67 46600.393518 6077.815248 33826.555731 1.000000
68 48275.850887 6174.237655 34974.261827 1.000000
69 49984.188669 6270.743398 36142.875222 1.000000
70 51725.523660 6367.331270 37332.453890 1.000000
71 53499.970974 6464.000097 38543.054975 1.000000
72 55307.644092 6560.748738 39774.734817 1.000000
73 57148.654906 6657.576086 41027.548974 1.000000
74 59023.113768 6754.481062 42301.552242 1.000000
75 60931.129525 6851.462617 43596.798676 1.000000
76 62872.809565 6948.519729 44913.341611 1.000000
77 64848.259853 7045.651405 46251.233681 1.000000
78 66857.584969 7142.856677 47610.526835 1.000000
79 68900.888143 7240.134599 48991.272357 1.000000
80 70978.271289 7337.484254 50393.520880 1.000000
81 73089.835041 7434.904744 51817.322406 1.000000
82 75235.678782 7532.395194 53262.726319 1.000000
83 77415.900673 7629.954752 54729.781401 1.000000
84 79630.597690 7727.582585 56218.535845 1.000000
85 81879.865643 7825.277879 57729.037272 1.000000
86 84163.799211 7923.039842 59261.332742 1.000000
87 86482.491964 8020.867698 60815.468768 1.000000
88 88836.036390 8118.760689 62391.491326 1.000000
89 91224.523921 8216.718076 63989.445874 1.000000
90 93648.044956 8314.739134 65609.377355 1.000000
91 96106.688882 8412.823157 67251.330216 1.000000
92 98600.544101 8510.969451 68915.348412 1.000000
93 101129.698047 8609.177342 70601.475423 1.000000
94 103694.237207 8707.446165 72309.754261 1.000000
95 106294.247148 8805.775273 74040.227480 1.000000
96 108929.812526 8904.164032 75792.937186 1.000000
97 111601.017115 9002.611819 77567.925045 1.000000
98 114307.943817 9101.118027 79365.232297 1.000000
99 117050.674686 9199.682058 81184.899758 1.000000
100 119829.290942 9298.303330 83026.967832 1.000000
101 122643.872990 9396.981269 84891.476521 1.000000
102 125494.500434 9495.715315 86778.465429 1.000000
103 128381.252092 9594.504917 88687.973772 1.000000
104 131304.206017 9693.349537 90620.040386 1.000000
105 134263.439504 9792.248644 92574.703733 1.000000
106 137259.029109 9891.201721 94552.001909 1.000000
107 140291.050665 9990.208257 96551.972650 1.000000
108 143359.579290 10089.267754 98574.653340 1.000000
109 146464.689405 10188.379720 100620.081017 1.000000
110 149606.454743 10287.543675 102688.292378 1.000000
111 152784.948365 10386.759146 104779.323787 1.000000
112 156000.242672 10486.025668 106893.211282 1.000000
113 159252.409413 10585.342787 109029.990576 1.000000
114 162541.519701 10684.710054 111189.697068 1.000000
115 165867.644023 10784.127029 113372.365847 1.000000
116 169230.852247 10883.593279 115578.031696 1.000000
117 172631.213641 10983.108381 117806.729097 1.000000
118 176068.796873 11082.671917 120058.492240 1.000000
119 179543.670032 11182.283476 122333.355023 1.000000
120 183055.900628 11281.942655 124631.351059 1.000000
121 186605.555609 11381.649056 126952.513683 1.000000
122 190192.701365 11481.402290 129296.875953 1.000000
123 193817.403741 11581.201972 131664.470656 1.000000
124 197479.728045 11681.047725 134055.330313 1.000000
125 201179.739054 11780.939178 136469.487181 1.000000
126 204917.501028 11880.875964 138906.973262 1.000000
127 208693.077711 11980.857725 141367.820302 1.000000
128 212506.532347 12080.884106 143852.059797 1.000000
129 216357.927681 12180.954757 146359.722998 1.000000
130 220247.325970 12281.069337 148890.840912 1.000000
131 224174.788993 12381.227507 151445.444310 1.000000
132 228140.378052 12481.428934 154023.563725 1.000000
133 232144.153984 12581.673292 156625.229461 1.000000
134 236186.177169 12681.960256 159250.471594 1.000000
135 240266.507532 12782.289509 161899.319974 1.000000
136 244385.204553 12882.660737 164571.804232 1.000000
137 248542.327274 12983.073633 167267.953779 1.000000
138 252737.934303 13083.527892 169987.797813 1.000000
139 256972.083824 13184.023213 172731.365320 1.000000
140 261244.833598 13284.559303 175498.685077 1.000000
141 265556.240974 13385.135869 178289.785655 1.000000
142 269906.362893 13485.752625 181104.695424 1.000000
143 274295.255891 13586.409286 183943.442552 1.000000
144 278722.976111 13687.105576 186806.055013 1.000000
145 283189.579302 13787.841217 189692.560584 1.000000
146 287695.120828 13888.615940 192602.986851 1.000000
147 292239.655672 13989.429475 195537.361212 1.000000
148 296823.238442 14090.281559 198495.710878 1.000000
149 301445.923377 14191.171932 201478.062876 1.000000
150 306107.764350 14292.100337 204484.444052 1.000000
151 310808.814871 14393.066519 207514.881074 1.000000
152 315549.128099 14494.070230 210569.400431 1.000000
153 320328.756839 14595.111221 213648.028438 1.000000
154 325147.753550 14696.189250 216750.791242 1.000000
155 330006.170351 14797.304076 219877.714814 1.000000
156 334904.059022 14898.455461 223028.824963 1.000000
157 339841.471010 14999.643171 226204.147328 1.000000
158 344818.457434 15100.866974 229403.707389 1.000000
159 349835.069088 15202.126643 232627.530462 1.000000
160 354891.356447 15303.421952 235875.641704 1.000000
161 359987.369666 15404.752677 239148.066115 1.000000
162 365123.158592 15506.118599 242444.828540 1.000000
163 370298.772759 15607.519501 245765.953671 1.000000
164 375514.261400 15708.955169 249111.466047 1.000000
165 380769.673444 15810.425389 252481.390060 1.000000
166 386065.057524 15911.929952 255875.749952 1.000000
167 391400.461978 16013.468653 259294.569818 1.000000
168 396775.934857 16115.041286 262737.873613 1.000000
169 402191.523920 16216.647649 266205.685144 1.000000
170 407647.276646 16318.287543 269698.028081 1.000000
171 413143.240233 16419.960770 273214.925954 1.000000
172 418679.461602 16521.667136 276756.402154 1.000000
173 424255.987402 16623.406448 280322.479937 1.000000
174 429872.864009 16725.178516 283913.182425 1.000000
175 435530.137532 16826.983150 287528.532607 1.000000
176 441227.853819 16928.820166 291168.553340 1.000000
177 446966.058453 17030.689379 294833.267350 1.000000
178 452744.796760 17132.590607 298522.697238 1.000000
179 458564.113811 17234.523671 302236.865475 1.000000
180 464424.054424 17336.488392 305975.794408 1.000000
181 470324.663168 17438.484595 309739.506258 1.000000
182 476265.984365 17540.512105 313528.023127 1.000000
183 482248.062092 17642.570751 317341.366990 1.000000
184 488270.940185 17744.660363 321179.559708 1.000000
185 494334.662241 17846.780772 325042.623019 1.000000
186 500439.271621 17948.931812 328930.578544 1.000000
187 506584.811452 18051.113318 332843.447789 1.000000
188 512771.324629 18153.325127 336781.252145 1.000000
189 518998.853820 18255.567078 340744.012889 1.000000
190 525267.441464 18357.839011 344731.751183 1.000000
191 531577.129780 18460.140769 348744.488083 1.000000
192 537927.960762 18562.472196 352782.244528 1.000000
193 544319.976185 18664.833137 356845.041354 1.000000
194 550753.217609 18767.223438 360932.899286 1.000000
195 557227.726376 18869.642950 365045.838941 1.000000
196 563743.543620 18972.091522 369183.880834 1.000000
197 570300.710260 19074.569005 373347.045372 1.000000
198 576899.267009 19177.075253 377535.352861 1.000000
199 583539.254374 19279.610121 381748.823501 1.000000
200 590220.712658 19382.173464 385987.477394 1.000000
201 596943.681961 19484.765142 390251.334540 1.000000
202 603708.202183 19587.385011 394540.414840 1.000000
203 610514.313027 19690.032934 398854.738095 1.000000
204 617362.054000 19792.708771 403194.324010 1.000000
205 624251.464413 19895.412386 407559.192193 1.000000
206 631182.583387 19998.143644 411949.362156 1.000000
207 638155.449851 20100.902409 416364.853317 1.000000
208 645170.102547 20203.688550 420805.684999 1.000000
209 652226.580028 20306.501935 425271.876434 1.000000
210 659324.920665 20409.342433 429763.446759 1.000000
211 666465.162644 20512.209915 434280.415024 1.000000
212 673647.343970 20615.104254 438822.800185 1.000000
213 680871.502467 20718.025322 443390.621110 1.000000
214 688137.675784 20820.972995 447983.896579 1.000000
215 695445.901392 20923.947147 452602.645283 1.000000
216 702796.216586 21026.947656 457246.885827 1.000000
217 710188.658489 21129.974400 461916.636730 1.000000
218 717623.264054 21233.027257 466611.916425 1.000000
219 725100.070062 21336.106108 471332.743260 1.000000
220 732619.113127 21439.210835 476079.135501 1.000000
221 740180.429695 21542.341319 480851.111329 1.000000
222 747784.056047 21645.497445 485648.688844 1.000000
223 755430.028302 21748.679096 490471.886065 1.000000
224 763118.382414 21851.886158 495320.720927 1.000000
225 770849.154178 21955.118518 500195.211289 1.000000
226 778622.379229 22058.376063 505095.374928 1.000000
227 786438.093044 22161.658682 510021.229544 1.000000
228 794296.330942 22264.966265 514972.792758 1.000000
229 802197.128090 22368.298701 519950.082113 1.000000
230 810140.519497 22471.655882 524953.115077 1.000000
231 818126.540023 22575.037702 529981.909042 1.000000
232 826155.224375 22678.444052 535036.481323 1.000000
233 834226.607110 22781.874828 540116.849161 1.000000
234 842340.722637 22885.329924 545223.029725 1.000000
235 850497.605218 22988.809237 550355.040109 1.000000
236 858697.288967 23092.312664 555512.897333 1.000000
237 866939.807856 23195.840102 560696.618346 1.000000
238 875225.195710 23299.391450 565906.220028 1.000000
239 883553.486215 23402.966607 571141.719183 1.000000
240 891924.712913 23506.565475 576403.132550 1.000000
241 900338.909208 23610.187953 581690.476794 1.000000
242 908796.108363 23713.833945 587003.768513 1.000000
243 917296.343506 23817.503353 592343.024236 1.000000
244 925839.647626 23921.196081 597708.260423 1.000000
245 934426.053576 24024.912032 603099.493470 1.000000
246 943055.594078 24128.651113 608516.739701 1.000000
247 951728.301719 24232.413230 613960.015378 1.000000
248 960444.208951 24336.198288 619429.336694 1.000000
249 969203.348100 24440.006196 624924.719779 1.000000
250 978005.751357 24543.836862 630446.180697 1.000000
251 986851.450788 24647.690194 635993.735448 1.000000
252 995740.478328 24751.566103 641567.399968 1.000000
253 1004672.865788 24855.464498 647167.190130 1.000000
254 1013648.644849 24959.385292 652793.121746 1.000000
255 1022667.847072 25063.328395 658445.210562 1.000000
256 1031730.503889 25167.293721 664123.472265 1.000000
257 1040836.646612 25271.281182 669827.922480 1.000000
258 1049986.306430 25375.290692 675558.576772 1.000000
259 1059179.514411 25479.322167 681315.450644 1.000000
260 1068416.301504 25583.375520 687098.559540 1.000000
261 1077696.698537 25687.450668 692907.918845 1.000000
262 1087020.736220 25791.547528 698743.543885 1.000000
263 1096388.445146 25895.666016 704605.449927 1.000000
264 1105799.855792 25999.806051 710493.652180 1.000000
265 1115254.998517 26103.967550 716408.165795 1.000000
266 1124753.903568 26208.150433 722349.005868 1.000000
267 1134296.601077 26312.354620 728316.187435 1.000000
268 1143883.121062 26416.580029 734309.725478 1.000000
269 1153513.493431 26520.826584 740329.634923 1.000000
270 1163187.747978 26625.094204 746375.930638 1.000000
271 1172905.914389 26729.382811 752448.627440 1.000000
272 1182668.022237 26833.692329 758547.740088 1.000000
273 1192474.100990 26938.022680 764673.283289 1.000000
274 1202324.180005 27042.373788 770825.271693 1.000000
275 1212218.288533 27146.745578 777003.719901 1.000000
276 1222156.455717 27251.137974 783208.642457 1.000000
277 1232138.710596 27355.550901 789440.053853 1.000000
278 1242165.082104 27459.984285 795697.968532 1.000000
279 1252235.599068 27564.438054 801982.400880 1.000000
280 1262350.290215 27668.912132 808293.365236 1.000000
281 1272509.184166 27773.406449 814630.875884 1.000000
282 1282712.309443 27877.920933 820994.947060 1.000000
283 1292959.694466 27982.455510 827385.592948 1.000000
284 1303251.367551 28087.010112 833802.827683 1.000000
285 1313587.356919 28191.584666 840246.665348 1.000000
286 1323967.690689 28296.179104 846717.119980 1.000000
287 1334392.396882 28400.793355 853214.205564 1.000000
288 1344861.503422 28505.427350 859737.936037 1.000000
289 1355375.038134 28610.081022 866288.325288 1.006957
290 1365933.028748 28714.754301 872865.387159 1.013937
291 1376535.502898 28819.447121 879469.135442 1.020942
292 1387182.488123 28924.159414 886099.583883 1.027971
293 1397874.011868 29028.891113 892756.746181 1.035024
294 1408610.101482 29133.642153 899440.635987 1.042101
295 1419390.784224 29238.412466 906151.266908 1.049202
296 1430216.087257 29343.201989 912888.652502 1.056327
297 1441086.037655 29448.010656 919652.806282 1.063477
298 1452000.662399 29552.838403 926443.741718 1.070650
299 1462959.988381 29657.685166 933261.472232 1.077848
300 1473964.042400 29762.550881 940106.011202 1.085069
301 1485012.851168 29867.435484 946977.371960 1.092315
302 1496106.441308 29972.338914 953875.567797 1.099585
303 1507244.839353 30077.261107 960800.611958 1.106879
304 1518428.071751 30182.202003 967752.517643 1.114198
305 1529656.164859 30287.161539 974731.298010 1.121540
306 1540929.144951 30392.139654 981736.966175 1.128906
307 1552247.038213 30497.136288 988769.535209 1.136297
308 1563609.870747 30602.151379 995829.018142 1.143711
309 1575017.668569 30707.184870 1002915.427960 1.151150
310 1586470.457611 30812.236699 1010028.777609 1.158613
311 1597968.263721 30917.306807 1017169.079991 1.166100
312 1609511.112665 31022.395137 1024336.347970 1.173611
313 1621099.030123 31127.501628 1031530.594364 1.181146
314 1632732.041697 31232.626225 1038751.831955 1.188706
315 1644410.172905 31337.768868 1046000.073480 1.196289
316 1656133.449184 31442.929500 1053275.331638 1.203897
317 1667901.895890 31548.108065 1060577.619087 1.211528
318 1679715.538301 31653.304506 1067906.948446 1.219184
319 1691574.401613 31758.518766 1075263.332293 1.226864
320 1703478.510944 31863.750791 1082646.783168 1.234568
321 1715427.891333 31969.000524 1090057.313570 1.242296
322 1727422.567742 32074.267910 1097494.935960 1.250048
323 1739462.565053 32179.552894 1104959.662762 1.257825
324 1751547.908073 32284.855422 1112451.506358 1.265625
325 1763678.621531 32390.175441 1119970.479095 1.273450
326 1775854.730081 32495.512895 1127516.593281 1.281298
327 1788076.258301 32600.867731 1135089.861184 1.289171
328 1800343.230692 32706.239897 1142690.295038 1.297068
329 1812655.671683 32811.629339 1150317.907038 1.304989
330 1825013.605627 32917.036005 1157972.709342 1.312934
331 1837417.056802 33022.459843 1165654.714071 1.320903
332 1849866.049415 33127.900800 1173363.933310 1.328897
333 1862360.607598 33233.358826 1181100.379107 1.336914
334 1874900.755412 33338.833869 1188864.063473 1.344956
335 1887486.516845 33444.325878 1196654.998386 1.353021
336 1900117.915812 33549.834803 1204473.195785 1.361111
337 1912794.976160 33655.360593 1212318.667575 1.369225
338 1925517.721662 33760.903197 1220191.425626 1.377363
339 1938286.176022 33866.462567 1228091.481771 1.385525
340 1951100.362873 33972.038653 1236018.847811 1.393711
341 1963960.305781 34077.631406 1243973.535510 1.401922
342 1976866.028239 34183.240776 1251955.556599 1.410156
343 1989817.553675 34288.866716 1259964.922772 1.418415
344 2002814.905445 34394.509177 1268001.645693 1.426698
345 2015858.106839 34500.168110 1276065.736988 1.435004
346 2028947.181079 34605.843469 1284157.208253 1.443335
347 2042082.151321 34711.535205 1292276.071047 1.451690
348 2055263.040653 34817.243272 1300422.336899 1.460069
349 2068489.872095 34922.967622 1308596.017303 1.468473
350 2081762.668604 35028.708209 1316797.123719 1.476900
351 2095081.453070 35134.464987 1325025.667577 1.485352
352 2108446.248316 35240.237909 1333281.660272 1.493827
353 2121857.077104 35346.026929 1341565.113168 1.502327
354 2135313.962127 35451.832003 1349876.037597 1.510851
355 2148816.926017 35557.653084 1358214.444858 1.519399
356 2162365.991340 35663.490127 1366580.346219 1.527971
357 2175961.180601 35769.343088 1374973.752915 1.536567
358 2189602.516239 35875.211922 1383394.676152 1.545187
359 2203290.020633 35981.096585 1391843.127102 1.553832
360 2217023.716098 36086.997032 1400319.116907 1.562500
361 2230803.624886 36192.913221 1408822.656679 1.571193
362 2244629.769190 36298.845106 1417353.757498 1.579909
363 2258502.171139 36404.792645 1425912.430413 1.588650
364 2272420.852802 36510.755795 1434498.686444 1.597415
365 2286385.836188 36616.734513 1443112.536581 1.606204
366 2300397.143244 36722.728755 1451753.991781 1.615017
367 2314454.795859 36828.738481 1460423.062974 1.623855
368 2328558.815860 36934.763647 1469119.761059 1.632716
369 2342709.225017 37040.804211 1477844.096905 1.641602
370 2356906.045039 37146.860133 1486596.081354 1.650511
371 2371149.297576 37252.931369 1495375.725214 1.659445
372 2385439.004222 37359.017880 1504183.039270 1.668403
373 2399775.186510 37465.119624 1513018.034272 1.677385
374 2414157.865918 37571.236560 1521880.720945 1.686391
375 2428587.063864 37677.368647 1530771.109984 1.695421
376 2443062.801710 37783.515846 1539689.212055 1.704475
377 2457585.100762 37889.678115 1548635.037798 1.713554
378 2472153.982267 37995.855416 1557608.597822 1.722656
379 2486769.467417 38102.047707 1566609.902709 1.731783
380 2501431.577349 38208.254951 1575638.963013 1.740934
381 2516140.333144 38314.477106 1584695.789260 1.750109
382 2530895.755825 38420.714135 1593780.391950 1.759307
383 2545697.866363 38526.965998 1602892.781554 1.768531
384 2560546.685674 38633.232657 1612032.968515 1.777778
385 2575442.234617 38739.514072 1621200.963249 1.787049
386 2590384.533999 38845.810206 1630396.776148 1.796345
387 2605373.604572 38952.121021 1639620.417573 1.805664
388 2620409.467035 39058.446478 1648871.897860 1.815008
389 2635492.142033 39164.786540 1658151.227318 1.824375
390 2650621.650158 39271.141169 1667458.416231 1.833767
391 2665798.011949 39377.510328 1676793.474855 1.843183
392 2681021.247893 39483.893980 1686156.413420 1.852623
393 2696291.378424 39590.292088 1695547.242130 1.862088
394 2711608.423925 39696.704615 1704965.971163 1.871576
395 2726972.404725 39803.131524 1714412.610672 1.881088
396 2742383.341103 39909.572779 1723887.170782 1.890625
397 2757841.253288 40016.028344 1733389.661596 1.900186
398 2773346.161455 40122.498183 1742920.093188 1.909770
399 2788898.085731 40228.982259 1752478.475610 1.919379
400 2804497.046191 40335.480538 1762064.818885 1.929012
401 2820143.062860 40441.992984 1771679.133014 1.938669
402 2835836.155713 40548.519561 1781321.427973 1.948351
403 2851576.344675 40655.060234 1790991.713711 1.958056
404 2867363.649622 40761.614968 1800690.000154 1.967785
405 2883198.090381 40868.183728 1810416.297202 1.977539
406 2899079.686728 40974.766481 1820170.614733 1.987317
407 2915008.458394 41081.363191 1829952.962599 1.997119
408 2930984.425058 41187.973823 1839763.350628 2.006944
409 2947007.606352 41294.598345 1849601.788623 2.016794
410 2963078.021860 41401.236722 1859468.286365 2.026669
411 2979195.691119 41507.888919 1869362.853610 2.036567
412 2995360.633615 41614.554905 1879285.500090 2.046489
413 3011572.868791 41721.234644 1889236.235513 2.056436
414 3027832.416041 41827.928104 1899215.069566 2.066406
415 3044139.294711 41934.635252 1909222.011909 2.076401
416 3060493.524102 42041.356054 1919257.072182 2.086420
417 3076895.123468 42148.090478 1929320.260000 2.096463
418 3093344.112017 42254.838492 1939411.584956 2.106530
419 3109840.508910 42361.600062 1949531.056617 2.116621
420 3126384.333264 42468.375156 1959678.684532 2.126736
421 3142975.604148 42575.163742 1969854.478224 2.136875
422 3159614.340587 42681.965789 1980058.447194 2.147039
423 3176300.561563 42788.781263 1990290.600921 2.157227
424 3193034.286008 42895.610134 2000550.948861 2.167438
425 3209815.532814 43002.452369 2010839.500449 2.177674
426 3226644.320827 43109.307938 2021156.265095 2.187934
427 3243520.668847 43216.176809 2031501.252189 2.198218
428 3260444.595633 43323.058951 2041874.471100 2.208526
429 3277416.119897 43429.954333 2052275.931173 2.218859
430 3294435.260309 43536.862924 2062705.641732 2.229215
431 3311502.035496 43643.784693 2073163.612079 2.239595
432 3328616.464041 43750.719610 2083649.851496 2.250000
433 3345778.564484 43857.667644 2094164.369241 2.260429
434 3362988.355322 43964.628765 2104707.174552 2.270882
435 3380245.855010 44071.602943 2115278.276646 2.281359
436 3397551.081958 44178.590148 2125877.684718 2.291860
437 3414904.054538 44285.590350 2136505.407943 2.302385
438 3432304.791077 44392.603519 2147161.455474 2.312934
439 3449753.309860 44499.629626 2157845.836444 2.323507
440 3467249.629132 44606.668640 2168558.559963 2.334105
441 3484793.767095 44713.720534 2179299.635123 2.344727
442 3502385.741910 44820.785277 2190069.070995 2.355372
443 3520025.571697 44927.862841 2200866.876627 2.366042
444 3537713.274536 45034.953196 2211693.061050 2.376736
445 3555448.868465 45142.056314 2222547.633272 2.387454
446 3573232.371481 45249.172166 2233430.602283 2.398196
447 3591063.801542 45356.300724 2244341.977050 2.408963
448 3608943.176566 45463.441959 2255281.766522 2.419753
449 3626870.514428 45570.595842 2266249.979629 2.430568
450 3644845.832968 45677.762346 2277246.625278 2.441406
451 3662869.149981 45784.941443 2288271.712358 2.452269
452 3680940.483226 45892.133105 2299325.249739 2.463156
453 3699059.850422 45999.337303 2310407.246271 2.474067
454 3717227.269249 46106.554011 2321517.710782 2.485002
455 3735442.757347 46213.783200 2332656.652085 2.495961
456 3753706.332317 46321.024844 2343824.078970 2.506944
457 3772018.011724 46428.278914 2355020.000208 2.517952
458 3790377.813091 46535.545384 2366244.424553 2.528983
459 3808785.753905 46642.824227 2377497.360739 2.540039
460 3827241.851614 46750.115415 2388778.817480 2.551119
461 3845746.123629 46857.418923 2400088.803471 2.562223
462 3864298.587322 46964.734722 2411427.327390 2.573351
463 3882899.260027 47072.062787 2422794.397894 2.584503
464 3901548.159043 47179.403091 2434190.023623 2.595679
465 3920245.301628 47286.755608 2445614.213197 2.606879
466 3938990.705007 47394.120311 2457066.975219 2.618104
467 3957784.386364 47501.497174 2468548.318273 2.629352
468 3976626.362848 47608.886172 2480058.250922 2.640625
469 3995516.651573 47716.287277 2491596.781716 2.651922
470 4014455.269614 47823.700466 2503163.919182 2.663243
471 4033442.234010 47931.125711 2514759.671831 2.674588
472 4052477.561764 48038.562987 2526384.048156 2.685957
473 4071561.269844 48146.012268 2538037.056631 2.697350
474 4090693.375180 48253.473530 2549718.705713 2.708767
475 4109873.894669 48360.946747 2561429.003841 2.720209
476 4129102.845171 48468.431894 2573167.959435 2.731674
477 4148380.243508 48575.928946 2584935.580900 2.743164
478 4167706.106472 48683.437877 2596731.876620 2.754678
479 4187080.450815 48790.958664 2608556.854965 2.766216
480 4206503.293257 48898.491280 2620410.524284 2.777778
481 4225974.650481 49006.035703 2632292.892912 2.789364
482 4245494.539137 49113.591906 2644203.969164 2.800974
483 4265062.975840 49221.159866 2656143.761339 2.812609
484 4284679.977171 49328.739558 2668112.277718 2.824267
485 4304345.559674 49436.330958 2680109.526567 2.835950
486 4324059.739862 49543.934041 2692135.516132 2.847656
487 4343822.534213 49651.548785 2704190.254643 2.859387
488 4363633.959171 49759.175165 2716273.750315 2.871142
489 4383494.031146 49866.813156 2728386.011345 2.882921
490 4403402.766515 49974.462736 2740527.045911 2.894724
491 4423360.181621 50082.123881 2752696.862178 2.906551
492 4443366.292774 50189.796566 2764895.468293 2.918403
493 4463421.116251 50297.480770 2777122.872384 2.930278
494 4483524.668295 50405.176467 2789379.082566 2.942178
495 4503676.965117 50512.883635 2801664.106936 2.954102
496 4523878.022895 50620.602252 2813977.953574 2.966049
497 4544127.857775 50728.332293 2826320.630546 2.978021
498 4564426.485868 50836.073736 2838692.145900 2.990017
499 4584773.923257 50943.826557 2851092.507667 3.002038
500 4605170.185988 51051.590735 2863521.723863 3.014082
501 4625615.290078 51159.366246 2875979.802490 3.026150
502 4646109.251511 51267.153068 2888466.751530 3.038243
503 4666652.086239 51374.951178 2900982.578953 3.050359
504 4687243.810182 51482.760553 2913527.292709 3.062500
505 4707884.439230 51590.581172 2926100.900736 3.074665
506 4728573.989239 51698.413013 2938703.410955 3.086854
507 4749312.476035 51806.256052 2951334.831270 3.099067
508 4770099.915414 51914.110268 2963995.169572 3.111304
509 4790936.323138 52021.975639 2976684.433733 3.123565
510 4811821.714941 52129.852142 2989402.631614 3.135851
511 4832756.106524 52237.739757 3002149.771056 3.148160
512 4853739.513557 52345.638462 3014925.859888 3.160494
513 4874771.951682 52453.548234 3027730.905923 3.172852
514 4895853.436507 52561.469052 3040564.916956 3.185233
515 4916983.983613 52669.400895 3053427.900772 3.197639
516 4938163.608548 52777.343741 3066319.865136 3.210069
517 4959392.326832 52885.297569 3079240.817800 3.222524
518 4980670.153952 52993.262358 3092190.766502 3.235002
519 5001997.105369 53101.238086 3105169.718964 3.247504
520 5023373.196511 53209.224732 3118177.682892 3.260031
521 5044798.442778 53317.222276 3131214.665979 3.272582
522 5066272.859540 53425.230697 3144280.675902 3.285156
523 5087796.462136 53533.249973 3157375.720325 3.297755
524 5109369.265879 53641.280085 3170499.806895 3.310378
525 5130991.286049 53749.321010 3183652.943247 3.323025
526 5152662.537899 53857.372729 3196835.136998 3.335696
527 5174383.036654 53965.435221 3210046.395755 3.348392
528 5196152.797507 54073.508466 3223286.727106 3.361111
529 5217971.835625 54181.592444 3236556.138628 3.373855
530 5239840.166144 54289.687133 3249854.637882 3.386622
531 5261757.804174 54397.792514 3263182.232415 3.399414
532 5283724.764795 54505.908567 3276538.929760 3.412230
533 5305741.063057 54614.035272 3289924.737436 3.425070
534 5327806.713986 54722.172608 3303339.662948 3.437934
535 5349921.732575 54830.320556 3316783.713787 3.450822
536 5372086.133793 54938.479095 3330256.897428 3.463735
537 5394299.932579 55046.648207 3343759.221335 3.476671
538 5416563.143844 55154.827872 3357290.692956 3.489632
539 5438875.782471 55263.018069 3370851.319727 3.502616
540 5461237.863318 55371.218780 3384441.109069 3.515625
541 5483649.401212 55479.429984 3398060.068388 3.528658
542 5506110.410955 55587.651663 3411708.205079 3.541715
543 5528620.907320 55695.883797 3425385.526522 3.554796
544 5551180.905054 55804.126366 3439092.040083 3.567901
545 5573790.418876 55912.379353 3452827.753116 3.581031
546 5596449.463480 56020.642737 3466592.672959 3.594184
547 5619158.053530 56128.916499 3480386.806938 3.607362
548 5641916.203664 56237.200622 3494210.162367 3.620563
549 5664723.928495 56345.495084 3508062.746545 3.633789
550 5687581.242609 56453.799869 3521944.566757 3.647039
551 5710488.160563 56562.114956 3535855.630276 3.660313
552 5733444.696890 56670.440328 3549795.944363 3.673611
553 5756450.866096 56778.775966 3563765.516262 3.686933
554 5779506.682660 56887.121851 3577764.353208 3.700280
555 5802612.161037 56995.477964 3591792.462420 3.713650
556 5825767.315653 57103.844288 3605849.851107 3.727045
557 5848972.160910 57212.220803 3619936.526461 3.740463
558 5872226.711183 57320.607492 3634052.495665 3.753906
559 5895530.980823 57429.004336 3648197.765887 3.767373
560 5918884.984153 57537.411318 3662372.344283 3.780864
561 5942288.735471 57645.828418 3676576.237995 3.794379
562 5965742.249052 57754.255620 3690809.454153 3.807919
563 5989245.539142 57862.692904 3705071.999876 3.821482
564 6012798.619964 57971.140254 3719363.882267 3.835069
565 6036401.505714 58079.597651 3733685.108420 3.848681
566 6060054.210564 58188.065078 3748035.685413 3.862317
567 6083756.748662 58296.542516 3762415.620314 3.875977
568 6107509.134129 58405.029948 3776824.920177 3.889660
569 6131311.381062 58513.527357 3791263.592045 3.903369
570 6155163.503533 58622.034725 3805731.642948 3.917101
571 6179065.515590 58730.552035 3820229.079903 3.930857
572 6203017.431255 58839.079268 3834755.909915 3.944637
573 6227019.264527 58947.616409 3849312.139978 3.958442
574 6251071.029379 59056.163439 3863897.777072 3.972270
575 6275172.739760 59164.720341 3878512.828165 3.986123
576 6299324.409597 59273.287098 3893157.300216 4.000000
577 6323526.052790 59381.863693 3907831.200167 4.013901
578 6347777.683216 59490.450109 3922534.534951 4.027826
579 6372079.314727 59599.046329 3937267.311489 4.041775
580 6396430.961153 59707.652336 3952029.536689 4.055748
581 6420832.636298 59816.268113 3966821.217448 4.069746
582 6445284.353944 59924.893643 3981642.360651 4.083767
583 6469786.127849 60033.528910 3996492.973169 4.097813
584 6494337.971745 60142.173897 4011373.061865 4.111883
585 6518939.899345 60250.828587 4026282.633588 4.125977
586 6543591.924333 60359.492964 4041221.695174 4.140095
587 6568294.060375 60468.167010 4056190.253451 4.154237
588 6593046.321111 60576.850711 4071188.315233 4.168403
589 6617848.720156 60685.544048 4086215.887322 4.182593
590 6642701.271106 60794.247006 4101272.976509 4.196807
591 6667603.987531 60902.959569 4116359.589574 4.211046
592 6692556.882979 61011.681720 4131475.733285 4.225309
593 6717559.970974 61120.413444 4146621.414400 4.239595
594 6742613.265020 61229.154723 4161796.639662 4.253906
595 6767716.778595 61337.905542 4177001.415808 4.268241
596 6792870.525156 61446.665884 4192235.749558 4.282600
597 6818074.518138 61555.435735 4207499.647625 4.296984
598 6843328.770951 61664.215078 4222793.116708 4.311391
599 6868633.296985 61773.003896 4238116.163497 4.325822
600 6893988.109606 61881.802175 4253468.794670 4.340278
601 6919393.222160 61990.609898 4268851.016892 4.354757
602 6944848.647968 62099.427050 4284262.836821 4.369261
603 6970354.400330 62208.253615 4299704.261099 4.383789
604 6995910.492525 62317.089578 4315175.296361 4.398341
605 7021516.937808 62425.934922 4330675.949230 4.412917
606 7047173.749414 62534.789633 4346206.226316 4.427517
607 7072880.940555 62643.653695 4361766.134221 4.442142
608 7098638.524420 62752.527092 4377355.679534 4.456790
609 7124446.514180 62861.409809 4392974.868834 4.471463
610 7150304.922981 62970.301832 4408623.708689 4.486159
611 7176213.763948 63079.203144 4424302.205657 4.500880
612 7202173.050186 63188.113730 4440010.366285 4.515625
613 7228182.794777 63297.033576 4455748.197108 4.530394
614 7254243.010783 63405.962665 4471515.704652 4.545187
615 7280353.711243 63514.900984 4487312.895430 4.560004
616 7306514.909176 63623.848517 4503139.775948 4.574846
617 7332726.617580 63732.805249 4518996.352699 4.589711
618 7358988.849430 63841.771166 4534882.632166 4.604601
619 7385301.617684 63950.746251 4550798.620821 4.619514
620 7411664.935274 64059.730492 4566744.325127 4.634452
621 7438078.815116 64168.723872 4582719.751535 4.649414
622 7464543.270101 64277.726377 4598724.906485 4.664400
623 7491058.313101 64386.737992 4614759.796410 4.679410
624 7517623.956969 64495.758704 4630824.427730 4.694444
625 7544240.214535 64604.788496 4646918.806854 4.709503
626 7570907.098609 64713.827355 4663042.940183 4.724585
627 7597624.621981 64822.875267 4679196.834107 4.739692
628 7624392.797420 64931.932216 4695380.495005 4.754823
629 7651211.637676 65040.998188 4711593.929247 4.769977
630 7678081.155476 65150.073170 4727837.143192 4.785156
631 7705001.363530 65259.157146 4744110.143189 4.800359
632 7731972.274527 65368.250103 4760412.935577 4.815586
633 7758993.901133 65477.352026 4776745.526686 4.830838
634 7786066.255998 65586.462901 4793107.922835 4.846113
635 7813189.351749 65695.582714 4809500.130332 4.861413
636 7840363.200996 65804.711450 4825922.155477 4.876736
637 7867587.816326 65913.849097 4842374.004559 4.892084
638 7894863.210308 66022.995640 4858855.683858 4.907456
639 7922189.395492 66132.151064 4875367.199644 4.922852
640 7949566.384406 66241.315357 4891908.558175 4.938272
641 7976994.189561 66350.488503 4908479.765703 4.953716
642 8004472.823446 66459.670490 4925080.828467 4.969184
643 8032002.298533 66568.861304 4941711.752698 4.984676
644 8059582.627273 66678.060930 4958372.544616 5.000193
645 8087213.822098 66787.269356 4975063.210433 5.015734
646 8114895.895421 66896.486567 4991783.756351 5.031298
647 8142628.859634 67005.712551 5008534.188561 5.046887
648 8170412.727114 67114.947292 5025314.513246 5.062500
649 8198247.510213 67224.190778 5042124.736579 5.078137
650 8226133.221270 67333.442996 5058964.864722 5.093798
651 8254069.872601 67442.703932 5075834.903831 5.109484
652 8282057.476504 67551.973572 5092734.860048 5.125193
653 8310096.045258 67661.251904 5109664.739510 5.140926
654 8338185.591125 67770.538913 5126624.548341 5.156684
655 8366326.126345 67879.834587 5143614.292659 5.172466
656 8394517.663143 67989.138912 5160633.978569 5.188272
657 8422760.213722 68098.451876 5177683.612169 5.204102
658 8451053.790269 68207.773465 5194763.199549 5.219956
659 8479398.404950 68317.103665 5211872.746785 5.235834
660 8507794.069914 68426.442465 5229012.259950 5.251736
661 8536240.797293 68535.789850 5246181.745102 5.267663
662 8564738.599197 68645.145809 5263381.208295 5.283613
663 8593287.487721 68754.510327 5280610.655569 5.299588
664 8621887.474940 68863.883392 5297870.092958 5.315586
665 8650538.572911 68973.264991 5315159.526486 5.331609
666 8679240.793674 69082.655112 5332478.962168 5.347656
667 8707994.149250 69192.053741 5349828.406011 5.363727
668 8736798.651641 69301.460866 5367207.864010 5.379823
669 8765654.312833 69410.876474 5384617.342155 5.395942
670 8794561.144792 69520.300552 5402056.846424 5.412085
671 8823519.159468 69629.733088 5419526.382788 5.428253
672 8852528.368793 69739.174070 5437025.957207 5.444444
673 8881588.784679 69848.623483 5454555.575635 5.460660
674 8910700.419024 69958.081317 5472115.244014 5.476900
675 8939863.283704 70067.547558 5489704.968279 5.493164
676 8969077.390581 70177.022195 5507324.754357 5.509452
677 8998342.751498 70286.505213 5524974.608164 5.525764
678 9027659.378281 70395.996603 5542654.535609 5.542101
679 9057027.282737 70505.496350 5560364.542591 5.558461
680 9086446.476657 70615.004442 5578104.635002 5.574846
681 9115916.971815 70724.520869 5595874.818724 5.591254
682 9145438.779967 70834.045616 5613675.099631 5.607687
683 9175011.912851 70943.578672 5631505.483587 5.624144
684 9204636.382190 71053.120025 5649365.976450 5.640625
685 9234312.199687 71162.669662 5667256.584066 5.657130
686 9264039.377030 71272.227572 5685177.312277 5.673659
687 9293817.925889 71381.793742 5703128.166912 5.690213
688 9323647.857918 71491.368161 5721109.153794 5.706790
689 9353529.184753 71600.950816 5739120.278737 5.723392
690 9383461.918013 71710.541696 5757161.547546 5.740017
691 9413446.069302 71820.140788 5775232.966019 5.756667
692 9443481.650204 71929.748081 5793334.539944 5.773341
693 9473568.672290 72039.363563 5811466.275102 5.790039
694 9503707.147110 72148.987222 5829628.177264 5.806761
695 9533897.086202 72258.619046 5847820.252195 5.823507
696 9564138.501084 72368.259023 5866042.505649 5.840278
697 9594431.403258 72477.907142 5884294.943375 5.857072
698 9624775.804211 72587.563392 5902577.571110 5.873891
699 9655171.715412 72697.227760 5920890.394585 5.890734
700 9685619.148314 72806.900234 5939233.419523 5.907600
701 9716118.114355 72916.580804 5957606.651638 5.924491
702 9746668.624953 73026.269457 5976010.096637 5.941406
703 9777270.691515 73135.966183 5994443.760216 5.958345
704 9807924.325427 73245.670970 6012907.648067 5.975309
705 9838629.538061 73355.383805 6031401.765871 5.992296
706 9869386.340773 73465.104679 6049926.119302 6.009307
707 9900194.744902 73574.833579 6068480.714025 6.026343
708 9931054.761772 73684.570494 6087065.555699 6.043403
709 9961966.402690 73794.315412 6105680.649972 6.060487
710 9992929.678947 73904.068324 6124326.002487 6.077595
711 10023944.601820 74013.829216 6143001.618877 6.094727
712 10055011.182567 74123.598079 6161707.504769 6.111883
713 10086129.432434 74233.374900 6180443.665780 6.129063
714 10117299.362646 74343.159669 6199210.107520 6.146267
715 10148520.984418 74452.952374 6218006.835592 6.163496
716 10179794.308946 74562.753005 6236833.855590 6.180748
717 10211119.347411 74672.561550 6255691.173101 6.198025
718 10242496.110977 74782.377999 6274578.793704 6.215326
719 10273924.610796 74892.202340 6293496.722968 6.232651
720 10305404.858001 75002.034562 6312444.966459 6.250000
721 10336936.863711 75111.874654 6331423.529731 6.267373
722 10368520.639029 75221.722606 6350432.418332 6.284770
723 10400156.195044 75331.578407 6369471.637803 6.302192
724 10431843.542828 75441.442045 6388541.193675 6.319637
725 10463582.693439 75551.313510 6407641.091474 6.337107
726 10495373.657919 75661.192791 6426771.336717 6.354601
727 10527216.447294 75771.079878 6445931.934914 6.372119
728 10559111.072576 75880.974759 6465122.891566 6.389660
729 10591057.544762 75990.877424 6484344.212169 6.407227
730 10623055.874833 76100.787862 6503595.902208 6.424817
731 10655106.073757 76210.706063 6522877.967165 6.442431
732 10687208.152483 76320.632016 6542190.412509 6.460069
733 10719362.121949 76430.565710 6561533.243707 6.477732
734 10751567.993076 76540.507134 6580906.466215 6.495419
735 10783825.776770 76650.456280 6600310.085483 6.513129
736 10816135.483924 76760.413134 6619744.106953 6.530864
737 10848497.125415 76870.377689 6639208.536059 6.548623
738 10880910.712104 76980.349932 6658703.378229 6.566406
739 10913376.254839 77090.329853 6678228.638883 6.584213
740 10945893.764453 77200.317442 6697784.323435 6.602045
741 10978463.251764 77310.312689 6717370.437288 6.619900
742 11011084.727575 77420.315584 6736986.985842 6.637780
743 11043758.202676 77530.326115 6756633.974487 6.655683
744 11076483.687841 77640.344273 6776311.408606 6.673611
745 11109261.193830 77750.370048 6796019.293577 6.691563
746 11142090.731387 77860.403429 6815757.634768 6.709539
747 11174972.311245 77970.444406 6835526.437541 6.727539
748 11207905.944120 78080.492969 6855325.707251 6.745563
749 11240891.640715 78190.549108 6875155.449246 6.763612
750 11273929.411717 78300.612812 6895015.668865 6.781684
751 11307019.267800 78410.684072 6914906.371443 6.799781
752 11340161.219623 78520.762877 6934827.562306 6.817901
753 11373355.277833 78630.849218 6954779.246772 6.836046
754 11406601.453060 78740.943084 6974761.430154 6.854215
755 11439899.755922 78851.044466 6994774.117757 6.872408
756 11473250.197021 78961.153353 7014817.314878 6.890625
757 11506652.786947 79071.269736 7034891.026810 6.908866
758 11540107.536274 79181.393604 7054995.258835 6.927132
759 11573614.455564 79291.524949 7075130.016231 6.945421
760 11607173.555363 79401.663759 7095295.304268 6.963735
761 11640784.846206 79511.810026 7115491.128209 6.982072
762 11674448.338611 79621.963738 7135717.493311 7.000434
763 11708164.043084 79732.124888 7155974.404823 7.018820
764 11741931.970117 79842.293464 7176261.867986 7.037230
765 11775752.130188 79952.469457 7196579.888038 7.055664
766 11809624.533761 80062.652858 7216928.470206 7.074122
767 11843549.191286 80172.843657 7237307.619713 7.092605
768 11877526.113202 80283.041843 7257717.341773 7.111111
769 11911555.309932 80393.247408 7278157.641595 7.129642
770 11945636.791884 80503.460342 7298628.524381 7.148196
771 11979770.569456 80613.680635 7319129.995325 7.166775
772 12013956.653031 80723.908278 7339662.059615 7.185378
773 12048195.052978 80834.143262 7360224.722434 7.204005
774 12082485.779653 80944.385575 7380817.988954 7.222656
775 12116828.843398 81054.635211 7401441.864345 7.241332
776 12151224.254544 81164.892158 7422096.353768 7.260031
777 12185672.023405 81275.156407 7442781.462377 7.278754
778 12220172.160284 81385.427950 7463497.195320 7.297502
779 12254724.675471 81495.706776 7484243.557739 7.316274
780 12289329.579242 81605.992876 7505020.554768 7.335069
781 12323986.881861 81716.286242 7525828.191536 7.353889
782 12358696.593576 81826.586863 7546666.473165 7.372733
783 12393458.724624 81936.894730 7567535.404769 7.391602
784 12428273.285230 82047.209835 7588434.991457 7.410494
785 12463140.285603 82157.532167 7609365.238330 7.429410
786 12498059.735942 82267.861718 7630326.150486 7.448351
787 12533031.646431 82378.198479 7651317.733012 7.467315
788 12568056.027241 82488.542440 7672339.990991 7.486304
789 12603132.888532 82598.893592 7693392.929500 7.505317
790 12638262.240449 82709.251926 7714476.553607 7.524354
791 12673444.093125 82819.617434 7735590.868377 7.543415
792 12708678.456680 82929.990105 7756735.878867 7.562500
793 12743965.341222 83040.369931 7777911.590126 7.581609
794 12779304.756846 83150.756903 7799118.007198 7.600743
795 12814696.713633 83261.151012 7820355.135123 7.619900
796 12850141.221653 83371.552248 7841622.978931 7.639082
797 12885638.290961 83481.960604 7862921.543647 7.658288
798 12921187.931603 83592.376069 7884250.834290 7.677517
799 12956790.153609 83702.798636 7905610.855873 7.696771
800 12992444.966999 83813.228295 7927001.613401 7.716049
801 13028152.381778 83923.665037 7948423.111875 7.735352
802 13063912.407940 84034.108854 7969875.356289 7.754678
803 13099725.055466 84144.559736 7991358.351631 7.774028
804 13135590.334326 84255.017676 8012872.102880 7.793403
805 13171508.254476 84365.482663 8034416.615014 7.812801
806 13207478.825860 84475.954690 8055991.892999 7.832224
807 13243502.058409 84586.433747 8077597.941801 7.851671
808 13279577.962044 84696.919826 8099234.766374 7.871142
809 13315706.546670 84807.412919 8120902.371669 7.890637
810 13351887.822184 84917.913016 8142600.762632 7.910156
811 13388121.798467 85028.420108 8164329.944199 7.929700
812 13424408.485390 85138.934188 8186089.921304 7.949267
813 13460747.892812 85249.455247 8207880.698872 7.968859
814 13497140.030579 85359.983276 8229702.281824 7.988474
815 13533584.908523 85470.518266 8251554.675073 8.008114
816 13570082.536469 85581.060210 8273437.883528 8.027778
817 13606632.924225 85691.609097 8295351.912090 8.047466
818 13643236.081590 85802.164921 8317296.765655 8.067178
819 13679892.018349 85912.727672 8339272.449114 8.086914
820 13716600.744276 86023.297342 8361278.967350 8.106674
821 13753362.269134 86133.873923 8383316.325242 8.126459
822 13790176.602672 86244.457406 8405384.527660 8.146267
823 13827043.754629 86355.047783 8427483.579473 8.166100
824 13863963.734732 86465.645045 8449613.485540 8.185957
825 13900936.552694 86576.249184 8471774.250715 8.205838
826 13937962.218220 86686.860191 8493965.879846 8.225743
827 13975040.740999 86797.478059 8516188.377777 8.245672
828 14012172.130711 86908.102780 8538441.749345 8.265625
829 14049356.397025 87018.734344 8560725.999379 8.285602
830 14086593.549595 87129.372743 8583041.132706 8.305604
831 14123883.598067 87240.017970 8605387.154144 8.325629
832 14161226.552073 87350.670016 8627764.068507 8.345679
833 14198622.421234 87461.328873 8650171.880603 8.365753
834 14236071.215160 87571.994532 8672610.595233 8.385851
835 14273572.943449 87682.666986 8695080.217194 8.405973
836 14311127.615688 87793.346227 8717580.751276 8.426119
837 14348735.241451 87904.032246 8740112.202264 8.446289
838 14386395.830302 88014.725035 8762674.574937 8.466483
839 14424109.391794 88125.424586 8785267.874068 8.486702
840 14461875.935468 88236.130891 8807892.104424 8.506944
841 14499695.470852 88346.843943 8830547.270769 8.527211
842 14537568.007465 88457.563732 8853233.377856 8.547502
843 14575493.554815 88568.290251 8875950.430439 8.567817
844 14613472.122395 88679.023493 8898698.433261 8.588156
845 14651503.719692 88789.763448 8921477.391061 8.608519
846 14689588.356177 88900.510110 8944287.308574 8.628906
847 14727726.041313 89011.263469 8967128.190527 8.649318
848 14765916.784550 89122.023519 8990000.041644 8.669753
849 14804160.595328 89232.790252 9012902.866641 8.690213
850 14842457.483075 89343.563659 9035836.670229 8.710696
851 14880807.457209 89454.343732 9058801.457115 8.731204
852 14919210.527136 89565.130465 9081797.231998 8.751736
853 14957666.702250 89675.923848 9104823.999574 8.772292
854 14996175.991937 89786.723875 9127881.764532 8.792872
855 15034738.405569 89897.530537 9150970.531556 8.813477
856 15073353.952509 90008.343827 9174090.305324 8.834105
857 15112022.642108 90119.163736 9197241.090509 8.854757
858 15150744.483705 90229.990258 9220422.891778 8.875434
859 15189519.486632 90340.823385 9243635.713794 8.896135
860 15228347.660205 90451.663108 9266879.561213 8.916860
861 15267229.013733 90562.509420 9290154.438686 8.937609
862 15306163.556513 90673.362314 9313460.350860 8.958382
863 15345151.297832 90784.221782 9336797.302373 8.979179
864 15384192.246963 90895.087816 9360165.297862 9.000000
865 15423286.413172 91005.960409 9383564.341956 9.020845
866 15462433.805714 91116.839552 9406994.439280 9.041715
867 15501634.433830 91227.725240 9430455.594451 9.062609
868 15540888.306754 91338.617463 9453947.812084 9.083526
869 15580195.433708 91449.516214 9477471.096788 9.104468
870 15619555.823902 91560.421487 9501025.453164 9.125434
871 15658969.486538 91671.333273 9524610.885812 9.146424
872 15698436.430805 91782.251565 9548227.399322 9.167438
873 15737956.665884 91893.176355 9571874.998283 9.188477
874 15777530.200943 92004.107636 9595553.687277 9.209539
875 15817157.045141 92115.045401 9619263.470879 9.230625
876 15856837.207625 92225.989642 9643004.353661 9.251736
877 15896570.697535 92336.940352 9666776.340191 9.272871
878 15936357.523996 92447.897524 9690579.435028 9.294030
879 15976197.696126 92558.861149 9714413.642728 9.315213
880 16016091.223030 92669.831221 9738278.967842 9.336420
881 16056038.113806 92780.807733 9762175.414916 9.357651
882 16096038.377539 92891.790676 9786102.988489 9.378906
883 16136092.023303 93002.780045 9810061.693098 9.400186
884 16176199.060166 93113.775831 9834051.533271 9.421489
885 16216359.497181 93224.778027 9858072.513535 9.442817
886 16256573.343392 93335.786626 9882124.638408 9.464169
887 16296840.607835 93446.801621 9906207.912405 9.485544
888 16337161.299534 93557.823005 9930322.340036 9.506944
889 16377535.427503 93668.850770 9954467.925806 9.528369
890 16417963.000745 93779.884909 9978644.674213 9.549817
891 16458444.028255 93890.925415 10002852.589752 9.571289
892 16498978.519017 94001.972281 10027091.676913 9.592785
893 16539566.482003 94113.025500 10051361.940180 9.614306
894 16580207.926178 94224.085064 10075663.384032 9.635851
895 16620902.860494 94335.150967 10099996.012944 9.657419
896 16661651.293897 94446.223202 10124359.831384 9.679012
897 16702453.235318 94557.301761 10148754.843817 9.700629
898 16743308.693683 94668.386637 10173181.054702 9.722270
899 16784217.677903 94779.477824 10197638.468494 9.743936
900 16825180.196884 94890.575314 10222127.089642 9.765625
901 16866196.259519 95001.679100 10246646.922591 9.787338
902 16907265.874692 95112.789176 10271197.971779 9.809076
903 16948389.051277 95223.905533 10295780.241642 9.830838
904 16989565.798138 95335.028167 10320393.736609 9.852623
905 17030796.124130 95446.157068 10345038.461105 9.874433
906 17072080.038097 95557.292232 10369714.419550 9.896267
907 17113417.548875 95668.433649 10394421.616359 9.918125
908 17154808.665288 95779.581315 10419160.055943 9.940008
909 17196253.396152 95890.735221 10443929.742705 9.961914
910 17237751.750273 96001.895361 10468730.681047 9.983845
911 17279303.736447 96113.061729 10493562.875365 10.005799
912 17320909.363459 96224.234316 10518426.330049 10.027778
913 17362568.640088 96335.413118 10543321.049485 10.049781
914 17404281.575099 96446.598125 10568247.038054 10.071807
915 17446048.177251 96557.789333 10593204.300133 10.093859
916 17487868.455291 96668.986734 10618192.840093 10.115934
917 17529742.417958 96780.190321 10643212.662301 10.138033
918 17571670.073981 96891.400087 10668263.771119 10.160156
919 17613651.432078 97002.616027 10693346.170905 10.182304
920 17655686.500961 97113.838132 10718459.866011 10.204475
921 17697775.289329 97225.066397 10743604.860785 10.226671
922 17739917.805873 97336.300815 10768781.159569 10.248891
923 17782114.059275 97447.541379 10793988.766703 10.271135
924 17824364.058206 97558.788082 10819227.686520 10.293403
925 17866667.811331 97670.040918 10844497.923348 10.315695
926 17909025.327301 97781.299880 10869799.481514 10.338011
927 17951436.614760 97892.564961 10895132.365335 10.360352
928 17993901.682344 98003.836156 10920496.579127 10.382716
929 18036420.538678 98115.113457 10945892.127200 10.405105
930 18078993.192378 98226.396857 10971319.013861 10.427517
931 18121619.652051 98337.686351 10996777.243409 10.449954
932 18164299.926293 98448.981931 11022266.820142 10.472415
933 18207034.023694 98560.283592 11047787.748352 10.494900
934 18249821.952833 98671.591326 11073340.032325 10.517409
935 18292663.722279 98782.905127 11098923.676345 10.539943
936 18335559.340593 98894.224989 11124538.684689 10.562500
937 18378508.816327 99005.550905 11150185.061630 10.585082
938 18421512.158023 99116.882868 11175862.811439 10.607687
939 18464569.374215 99228.220873 11201571.938379 10.630317
940 18507680.473426 99339.564913 11227312.446710 10.652971
941 18550845.464173 99450.914981 11253084.340687 10.675649
942 18594064.354960 99562.271071 11278887.624562 10.698351
943 18637337.154286 99673.633176 11304722.302580 10.721077
944 18680663.870637 99785.001291 11330588.378983 10.743827
945 18724044.512495 99896.375409 11356485.858009 10.766602
946 18767479.088327 100007.755523 11382414.743891 10.789400
947 18810967.606596 100119.141627 11408375.040856 10.812223
948 18854510.075754 100230.533715 11434366.753128 10.835069
949 18898106.504243 100341.931780 11460389.884928 10.857940
950 18941756.900499 100453.335817 11486444.440469 10.880835
951 18985461.272947 100564.745818 11512530.423963 10.903754
952 19029219.630004 100676.161779 11538647.839616 10.926698
953 19073031.980076 100787.583691 11564796.691628 10.949665
954 19116898.331564 100899.011550 11590976.984199 10.972656
955 19160818.692857 101010.445349 11617188.721519 10.995672
956 19204793.072337 101121.885081 11643431.907779 11.018711
957 19248821.478376 101233.330741 11669706.547161 11.041775
958 19292903.919338 101344.782322 11696012.643846 11.064863
959 19337040.403578 101456.239818 11722350.202010 11.087975
960 19381230.939443 101567.703223 11748719.225822 11.111111
961 19425475.535270 101679.172531 11775119.719450 11.134271
962 19469774.199389 101790.647735 11801551.687056 11.157456
963 19514126.940119 101902.128830 11828015.132798 11.180664
964 19558533.765772 102013.615810 11854510.060830 11.203897
965 19602994.684652 102125.108668 11881036.475302 11.227153
966 19647509.705052 102236.607398 11907594.380357 11.250434
967 19692078.835259 102348.111994 11934183.780137 11.273739
968 19736702.083550 102459.622450 11960804.678779 11.297068
969 19781379.458194 102571.138760 11987457.080415 11.320421
970 19826110.967451 102682.660918 12014140.989173 11.343798
971 19870896.619572 102794.188918 12040856.409175 11.367200
972 19915736.422801 102905.722753 12067603.344543 11.390625
973 19960630.385372 103017.262419 12094381.799391 11.414075
974 20005578.515512 103128.807909 12121191.777830 11.437548
975 20050580.821439 103240.359217 12148033.283967 11.461046
976 20095637.311361 103351.916336 12174906.321904 11.484568
977 20140747.993480 103463.479262 12201810.895740 11.508114
978 20185912.875988 103575.047987 12228747.009570 11.531684
979 20231131.967069 103686.622507 12255714.667482 11.555278
980 20276405.274900 103798.202815 12282713.873563 11.578897
981 20321732.807647 103909.788905 12309744.631894 11.602539
982 20367114.573470 104021.380772 12336806.946553 11.626206
983 20412550.580519 104132.978409 12363900.821614 11.649896
984 20458040.836938 104244.581811 12391026.261144 11.673611
985 20503585.350859 104356.190972 12418183.269211 11.697350
986 20549184.130410 104467.805886 12445371.849873 11.721113
987 20594837.183707 104579.426547 12472592.007189 11.744900
988 20640544.518861 104691.052949 12499843.745210 11.768711
989 20686306.143973 104802.685087 12527127.067986 11.792547
990 20732122.067135 104914.322954 12554441.979561 11.816406
991 20777992.296433 105025.966545 12581788.483975 11.840290
992 20823916.839943 105137.615855 12609166.585265 11.864198
993 20869895.705733 105249.270876 12636576.287462 11.888129
994 20915928.901866 105360.931605 12664017.594596 11.912085
995 20962016.436391 105472.598034 12691490.510690 11.936065
996 21008158.317355 105584.270158 12718995.039764 11.960069
997 21054354.552793 105695.947972 12746531.185835 11.984098
998 21100605.150733 105807.631470 12774098.952914 12.008150
999 21146910.119196 105919.320645 12801698.345009 12.032227
1000 21193269.466192 106031.015493 12829329.366125 12.056327
