A 24553 14.48 144.444 104
A 24692 2.498 144.444 104
A 24504 1.983 144.444 117
A 24969 2.568 144.444 117
A 23989 2.017 144.444 104
A 23421 2.821 144.444 117
A 23662 3.333 144.444 117
A 24512 1.397 144.444 130
A 23650 3.335 144.444 117
A 23635 1.696 144.444 117
A 24169 2.432 144.444 104
A 25079 2.232 144.444 144.444
A 23816 2.285 144.444 117
A 25298 9.519 144.444 104
A 23593 1.58 144.444 117
A 24979 2.297 144.444 117
A 24649 2.058 144.444 117
A 24639 2.186 144.444 117
A 25097 2.317 144.444 104
A 24678 1.546 144.444 104
A 29941 3.113 144.444 72.2222
A 28336 16.868 104 117
A 32007 3.348 144.444 104
A 28782 10.524 144.444 104
A 27414 3.721 144.444 52
A 25534 3.758 144.444 78
A 30432 2.817 144.444 58.5
A 31519 3.244 144.444 117
A 25620 3.677 144.444 52
A 32388 3.272 144.444 72.2222
A 32668 3.998 144.444 104
A 29676 3.697 144.444 104
A 29759 3.134 144.444 117
A 25583 12.211 144.444 52
A 32194 3.415 144.444 104
A 31861 42.574 144.444 104
A 26482 7.52 144.444 117
A 28602 1.774 144.444 104
A 32692 3.807 144.444 78
A 27978 2.885 144.444 117
A 5947 16.048 144.444 117
A 5908 3.22 144.444 144.444
A 5253 20.328 144.444 144.444
A 5459 3.179 144.444 117
A 5244 11.5 144.444 144.444
A 6050 3.565 144.444 144.444
A 5413 3.074 144.444 130
A 5324 20.265 78 117
A 5421 3.018 144.444 117
A 5728 31.029 144.444 117
A 6493 3.538 144.444 117
A 6492 6.418 144.444 117
A 6429 4.771 144.444 78
A 6220 3.114 144.444 104
A 6721 4.9 144.444 117
A 5767 3.171 144.444 104
A 5256 2.408 144.444 144.444
A 6479 3.97 144.444 117
A 6118 13.981 144.444 144.444
A 5198 3.845 144.444 117
